0	0	0	0	0	0	0	0	0	0	0	0	0	20579.8	26987.4	22900.8	0	0	0	0	24819	0	22440.4	0	0	13730.7	26450.5	0	28068.8	0	0	0	0	0	0	0	0	0	0	0	0	0	16358.5	0	26506.5	0	0	0	0	0	15299.9	0	0.0674614	0	0
1	22753.1	0	0	0	0	22300.3	0	0	10220.3	0	0	0	0	0	21917	0	0	22425.6	28536.2	16085.8	0	0	0	0	23275.2	10399.2	0	25068.9	0	0	0	0	29521.5	0	0	0	0	0	0	0	0	11370.3	0	0	0	0	0	0	0	29226.1	0.120537	0.119862	0.00595238	0
2	28767.7	0	0	0	0	13142.9	0	0	11247.3	25888.8	28511.3	0	0	0	21967	0	0	29827.5	28908.4	0	0	0	24805.2	0	19371.5	12629.2	0	18842.8	0	0	0	0	26774.9	0	0	28076.1	0	0	0	0	0	0	0	0	0	0	0	0	0	12151.1	0.239316	0.0376415	0.0119048	0
3	25554.5	0	0	21090.7	0	28036.7	27552.4	25015.8	0	11179.8	27137.4	13287.7	0	19380.7	11710.6	0	0	21132.8	0	0	0	23156.3	17215	0	0	12586.1	14518	10228.5	0	15299.2	0	17235.1	12148.2	0	0	14426.2	0	21922.9	26413.3	17826	21895.8	0	0	0	0	0	0	0	14497.8	21450.7	0.354605	0.0478012	0.0178571	0
4	0	0	0	0	0	24730.2	0	24980.8	0	26462.8	15132.9	26808.6	13645.7	14598.8	19733.3	0	0	14586.5	15692.1	0	0	20558.2	22661.1	24755.9	21172.4	26719.2	23539.4	0	0	0	0	23896.5	15654.8	20121.1	0	13543.5	0	23221.2	24633.3	18506.8	20447.2	26460.4	0	10714.4	0	0	0	0	13730.5	17465	0.464723	0.109391	0.0238095	0
5	0	0	0	0	0	16474.7	0	26466.4	0	25008.5	0	0	28781.3	25540.9	23640.3	0	0	16173.8	21747.1	21233.5	12707.4	28946.4	26829.6	12957.2	13675.4	23138.8	13460.7	0	0	25676.1	0	28010.1	0	13851.2	0	20710.3	0	14232.3	0	15613.5	10006.9	21095.1	12400.3	23689.8	0	22804.1	0	0	0	23269	0.568065	0.097495	0.0297619	0
6	10154.2	0	0	0	0	22052.3	0	14758.9	0	16477	0	0	0	25905.2	26097.4	0	0	29811	15766.4	14550.1	17294.4	18870.1	23736.2	0	25812.2	23488.7	0	0	0	25227.2	27337.2	17089.2	25091.7	29886.7	0	23271	0	0	0	19400.1	20745.7	17327.6	0	14498.6	0	13922.7	0	0	0	20630.2	0.663123	0.191447	0.0357143	0
7	15628.8	0	0	21845.6	13535.7	23831.9	13538.8	18643	0	29460.2	0	0	0	0	19377.1	0	0	0	22254.1	13731.8	28511.4	23603.6	23161.5	0	22289.5	13079.1	0	0	0	11621.8	20815.6	18416.4	20894	18090.4	23155.5	10807.5	10747.2	0	0	0	11805.2	26186.9	0	0	0	17250.3	0	0	0	26843	0.748511	0.228086	0.0416667	0
8	15125.2	0	0	19655.7	29408.5	19197.5	17240.3	19471.6	0	24496.3	0	0	0	0	0	0	0	0	28926	28674.9	27624.4	13691.1	28358.3	0	12010.5	18459.3	0	0	0	27599.5	21721.5	26527.1	29402.3	25493.7	19829.8	23261.4	12353.6	0	0	0	20996.3	29168.4	0	0	0	18751.4	0	0	0	0	0.822984	0.132335	0.047619	0
9	26506.8	0	0	25473.8	23853.8	25965.9	27357.5	29377.7	13817.6	24693.8	0	0	0	0	0	0	0	0	24806.8	18176.2	15805.5	16683.7	23600.3	0	12542	25782.5	0	0	0	13514.2	27655.4	17016.4	0	27220.4	11015.2	15970	25265.7	22622	26458.3	12908.2	0	21420.1	0	0	0	23768	0	18207.8	0	0	0.885456	0.149125	0.0535714	0
10	0	0	0	24199.6	11957.7	12131.1	14351.1	0	28223.4	14475.9	0	0	0	0	0	0	0	0	17781.9	11545.9	21184.4	11220.4	16714.8	19805.8	18264.2	25211.3	12026.7	21951.4	0	22004.7	22134	23598.4	0	0	19715.3	13919.1	15161.5	22362.6	11725.9	26752.9	0	10700.1	0	0	0	29382.6	0	25378.5	0	0	0.935016	0.207437	0.0595238	0
11	16898	0	0	29943	0	26771.7	13589.1	0	13381.6	0	0	0	0	0	0	0	0	0	14689.1	17573.3	26074.5	29805.6	0	21625	28731.7	17975.4	13156.9	0	0	10976.2	27767.4	0	0	0	21274.2	0	21573.1	23152.8	10633.3	0	20373	22055	0	0	0	16502.2	0	29494.6	0	0	0.970942	0.201344	0.0654762	0
12	0	0	0	10723.2	0	17058.5	18583.9	0	10413	0	0	0	26367.9	0	0	0	0	0	13251.1	13621.1	0	26838.8	0	14103.9	29732.4	25525.1	13767.8	0	0	17597.9	0	0	0	0	0	0	17522.5	27773.9	12578.4	0	21931.3	20781.3	19329.8	0	0	17047.9	0	28796.9	0	0	0.992709	0.21281	0.0714286	16.7458
13	0	0	13530.1	0	27650.7	27934.8	26392	0	0	0	0	0	25775	0	0	0	27706.4	0	17251.3	26890.4	0	0	0	20836.8	22901.1	14217.6	24145.9	11922.3	0	18843.7	0	21569.9	0	13251.1	0	22169.8	20911.5	22972.3	15571	0	11692.3	12603	18307.3	0	14809.5	27447.2	0	0	29633.7	0	1	0.255813	0.077381	17.735
14	0	22617.4	26765.6	0	17831	13817.3	28785.1	0	0	0	0	0	0	0	0	21894.3	26829.9	20569	27990.7	22238.2	0	0	0	17590.1	0	29693	24117.4	17976.4	0	12461.9	0	0	0	11194.8	0	19363	27271.6	28374.5	0	24540.8	24810.5	17507.5	19869.6	0	10978.7	29834	0	22372.3	22854.1	0	0.992709	0.330053	0.0833333	18.6489
15	0	18635.2	27397.1	0	11673.6	23281.1	17896.7	0	0	0	0	0	0	0	0	10429.3	23648.8	13971.6	23106.6	17643.4	0	22068.3	0	15765.7	25802.8	17044.8	11193.4	20789.3	0	16646.7	0	0	0	24701.3	0	12447	25097.4	16425.8	0	0	26646.3	13992.3	26505.4	22333.8	12388.1	28248.4	0	18309.6	0	0	0.970942	0.225696	0.0892857	18.3965
16	0	11301.4	16249.8	0	22513.2	29224.1	24944	0	14186.4	0	0	0	0	0	0	15190.7	13214.5	0	12856.5	0	15736	18734	20993.4	25318.9	21944.3	0	0	0	11772.6	29478.7	29461.2	0	0	21070.3	0	0	24202.5	0	0	23384.1	21750.5	17232.2	0	10073.2	22478.7	18690.9	0	0	0	21303.6	0.935016	0.253586	0.0952381	19.002
17	0	0	15615.9	0	17051	22158.3	0	0	0	26052.9	0	0	0	0	26895.1	20994.5	25585.8	15457.1	14687.3	0	0	18156.1	0	14478.3	22474.4	28871.4	24710.2	0	11714.3	29234.7	0	22663.8	0	22366.9	0	0	10181	0	0	0	22553.6	29232.3	0	14437	0	25515.5	0	0	0	23335.3	0.885456	0.32316	0.10119	18.9045
18	20299.8	0	0	15197.9	19118.6	17519.3	15402.2	0	18528.9	19741.4	16017.4	0	0	18664.9	11907.5	15115.6	10527.7	24727.3	27460.5	15010	20156	15487.3	0	13281.5	13431.9	21404.8	28442.4	14775.2	11031.1	21706.8	0	21011.6	0	18940.3	18689.4	0	10927.2	0	0	0	0	13001.6	0	15773.1	0	22297.2	0	0	0	21443.9	0.822984	0.260439	0.107143	21.7887
19	25060	0	0	22080.1	0	19574.3	20340.6	0	22946.9	21133.4	0	0	0	29571.9	26165	13797.6	17153.8	13311.9	18787.4	25063.2	26748.5	24350.7	0	19105.1	28992.1	11054.9	28858.9	13863.2	14746.7	0	0	17007.3	0	0	25857.8	0	17191.3	0	0	10549.2	0	15248.2	17452.1	28860.4	0	13937.2	0	0	0	16147.3	0.748511	0.179735	0.113095	21.5351
20	22340.9	0	0	29743	0	12366.9	13469.2	0	23293.7	10629.3	0	15174.4	0	11193	26266.2	11721.6	25017.6	15029.3	27361	11739.5	18814.2	13464.5	0	29543	0	11783.5	10520.5	0	16297.2	0	0	19883.6	0	0	11725.9	0	25069.7	10780.4	22635.3	27897.1	0	11954	23274	17265.5	0	15244.4	0	0	0	15306.7	0.663123	0.110852	0.119048	21.3275
21	11855.1	0	0	17842.4	0	17000.6	27702	0	16902.6	12012.7	0	11486.4	0	22413.1	23985	18449.3	25768.6	25840	10368.7	13252.4	24920	16750.2	16982.6	0	0	11576.1	12244.1	0	22992.4	0	19485.1	19352.6	0	0	0	19324.7	23053.8	16761.5	27964.6	20646.1	0	0	0	0	12902.8	11474.5	0	0	0	21034.8	0.568065	0.0998111	0.125	21.358
22	25686.4	28735.3	0	14728.2	0	19821.9	19274.1	0	13470.4	28681.9	0	16943.4	0	25987.4	27020.2	0	17846.6	0	0	0	19822.3	0	0	0	0	0	21342.6	0	23296.8	17336.9	25778	10536.4	0	0	0	0	26350	0	18802.5	16671.1	0	0	0	0	20274.9	23667	0	22643.3	0	29129.3	0.464723	0.0567296	0.130952	20.6448
23	16169.6	21911.8	11408.7	16430.9	0	14728.8	20338.2	0	0	26141.1	0	10699.6	0	22179.4	0	0	26102.8	0	15842.4	0	0	18886.8	0	0	0	0	29422.6	0	26201	25314	29829.1	14592.4	0	0	0	0	11261.7	0	0	18265.3	0	0	0	0	0	0	0	19046.8	0	23797.9	0.354605	-0.0140974	0.136905	19.3202
24	22104.7	15917.3	23818.3	27663.4	0	28319.7	22850.8	0	0	20926.9	0	13471.5	0	22264.6	0	0	0	14069.9	21762.2	0	0	14167.6	0	21745.4	0	0	22335.7	18219.3	14918.6	20141.9	0	19991.6	23916.4	0	0	0	28695.7	0	0	24484.5	0	0	0	0	0	0	0	24090.4	0	21849.7	0.239316	0.0668235	0.142857	19.144
25	13585.1	28640.1	20784.1	20052.1	0	0	12450.7	0	0	0	0	17521.3	28856.5	28571.3	0	11752.8	0	29855.5	29299.6	0	0	23076.3	26956.7	11909.5	26692.7	0	15196.9	24333.7	23409.3	17711.6	0	22304	25226.7	0	0	0	11871.2	0	0	18288.4	0	0	0	11017.6	0	0	0	24687	0	29306.5	0.120537	0.0911414	0.14881	19.2774
26	28895.1	21266.3	15519.1	15132.9	0	0	24691.4	0	0	0	0	0	17137.7	26356	0	26388.5	0	13887	13866.7	0	0	14721.1	13934.1	29702.3	0	0	10453.4	21929.3	20920.2	16979	0	0	0	0	0	0	0	0	0	27401.3	0	0	0	20401	0	0	0	17605.7	0	26723.8	-3.21625e-16	0.0159193	0.154762	18.0525
27	16339.6	21308.4	20420.8	11498.9	23702.2	0	20101.7	0	0	0	0	25678.3	23536.7	12773.7	0	13942.3	0	23102.2	28470.4	0	0	17788.8	0	26449.3	17802.1	0	10134.4	0	11109.3	11414.4	0	0	0	0	0	0	19267.8	0	0	0	0	14004.5	0	29671.1	0	0	0	12351.8	26638.9	0	-0.120537	-0.0779572	0.160714	18.2881
28	0	21509.2	18439.7	20754.5	0	0	19051.8	0	0	0	0	10481	10031.7	15615.6	0	0	0	0	10688.7	0	0	20127.9	10989	13477.5	29066.8	0	10205	0	13353.7	22355.7	0	0	0	0	0	0	12455.1	0	0	0	0	19506.8	0	11618.2	0	0	0	11995.9	20261.1	0	-0.239316	-0.0923677	0.166667	16.3489
29	0	0	21866.3	14429.1	0	0	23892.3	0	15719.2	12337.5	13343.5	16441.1	14337.6	18589.8	16403.8	0	0	27018.3	20942.6	0	14171	0	0	20023.6	0	0	10678.7	17053.4	22094.9	14008.3	11105.2	0	0	0	20641	0	0	0	0	0	19060.1	0	15752.4	21891.7	20122.8	0	0	27574.1	22184	24269.4	-0.354605	-0.0144346	0.172619	17.9488
30	0	0	19236.5	0	0	0	28397.7	0	0	17878.2	16048.6	0	29900.9	17557.4	27048.5	0	0	0	21192.1	0	0	0	0	0	0	11672.3	28115.1	0	26609.4	26266.8	15666.7	0	0	0	18728	22009.4	0	0	0	0	17911.2	12190.1	26975.6	0	18085.1	0	0	0	28629.4	28473.7	-0.464723	-0.0818193	0.178571	16.4471
31	0	0	18192.4	0	0	0	14855.1	25118.7	0	26993.6	29085.9	0	18375.8	15786.2	0	0	0	0	12545.8	0	0	0	0	0	0	20352.8	19791	17951.9	27812.1	13936.7	14554.7	0	0	0	15746.7	16791.7	0	0	20274.7	0	0	25613.1	28930.1	0	14535.5	0	0	0	14100.8	29825.1	-0.568065	-0.117556	0.184524	16.23
32	0	0	28665.2	0	0	0	20024.7	18573	0	12835.4	0	0	12690.2	20552.4	0	0	0	0	0	0	0	0	0	0	19313	0	18582.7	26809.9	14046.5	25615.8	13011.8	0	0	0	22114.2	19750.4	0	10643.8	10168.2	0	0	29181	28079.3	0	17906.9	27229.5	0	0	23898.6	21211.1	-0.663123	-0.176058	0.190476	15.5442
33	0	0	11228.4	0	0	0	13808.8	26999.2	0	20958.3	16507.7	0	0	19376.1	12454.1	0	12913.2	0	0	0	0	0	0	0	14661.4	0	0	0	22306.5	22646.5	13036.8	0	0	23304.4	0	28902.4	0	13267.4	22621	11717.5	0	0	10494.3	27817.5	23518.8	22580.1	0	22079.7	10576.1	22708.2	-0.748511	-0.177744	0.196429	15.76
34	10800.3	0	18818.6	0	0	0	10621.9	12286.9	19123.2	0	12880.3	13361.6	0	13142.8	24366.9	29515.7	22259.6	0	0	0	0	0	0	0	18938.2	13656	0	0	20632.6	17786.5	12933.5	0	16965.5	22206.2	0	0	0	0	22706.9	12466.2	0	0	25781.4	29126.1	28843.4	22908.8	27641.8	24773.5	20103.2	26673.5	-0.822984	-0.183752	0.202381	16.8269
35	0	0	14091	0	0	0	0	14510.7	10267.5	0	21843	12475.6	0	19854.1	18325.6	12835.7	15207.6	0	0	0	0	0	0	0	27701	26748.5	0	16751.9	0	18927.4	19792.3	0	0	29711.9	0	0	0	14581.7	0	10378.8	26134.8	29960	16428.3	20108.2	18700.5	21695.7	19497.4	0	16982.5	18386.7	-0.885456	-0.272976	0.208333	16.1553
36	0	0	14938.9	0	0	16628.7	18381.4	23631.9	0	0	27783.1	24005.6	0	18365.2	29400.4	20213.2	28788.2	0	0	0	0	0	0	0	24107.6	0	0	28886.2	0	24225.6	20052.5	20577	0	0	0	12559.8	13967.2	0	0	11231.9	0	0	29719	11415.9	29375.2	26594.2	27173.8	0	0	25827.2	-0.935016	-0.231236	0.214286	16.6139
37	0	0	14462.9	0	16391.8	25435.4	0	22626.2	0	0	16038	14885.9	0	26392.4	13448.5	28828.5	17995.1	0	0	18880.5	0	28903.5	0	0	15700.7	0	0	0	0	18830.7	13510.9	25452.6	14733.3	0	0	12635.1	29671.6	0	20490.3	11712.8	0	17449.4	29523.9	0	25019	13041.2	26553.5	0	0	0	-0.970942	-0.175756	0.220238	17.979
38	0	0	10387.6	0	24911	0	0	22848.5	0	14297	27599.2	0	21914.1	20735.5	24173.3	12509.5	28304.2	0	0	11611.1	0	0	0	0	0	0	0	0	16193.6	0	21822.1	0	25083.3	22919.8	20780.2	22073.1	0	0	23065.5	25688.1	0	0	19407	26008.3	14244.7	25070.9	0	0	0	24898.3	-0.992709	-0.257255	0.22619	19.1649
39	0	16442	22016.9	0	0	0	0	29779.1	0	29746.2	27431	0	0	11233.4	14067	14350.1	25783.3	10781.9	14317.6	10777.8	0	23916.2	0	0	0	0	27849.9	0	28762.3	0	16511	0	0	15946.6	10599.6	0	0	0	18325.1	0	0	0	16529.9	23736.2	13901.6	0	0	0	0	20597.5	-1	-0.326944	0.232143	19.533
40	0	10592.7	28719.7	0	28835.6	0	0	28525.5	0	26336.8	20109.4	0	0	13262.4	21482.9	0	27399.5	16830.3	22155.5	13316.4	0	10680.1	0	0	0	0	24473.4	0	18446.1	0	0	0	0	28125.8	12176.2	0	0	13647.3	12080.8	0	0	0	0	26648.1	29571.7	0	0	23312.3	0	24043.7	-0.992709	-0.25669	0.238095	19.7292
41	0	29601	17615.6	29778.9	0	0	0	16441.5	14706.8	29385	21779.9	0	0	25844.4	11827.1	0	0	0	18679.5	10907.8	0	0	0	0	0	23394.5	22848.3	0	0	0	0	0	0	11318.4	16206.7	0	20338.8	19716.5	19033.7	0	19611.3	0	0	0	0	0	0	0	0	27696.2	-0.970942	-0.351022	0.244048	19.7471
42	0	15477	21275.8	14123.7	0	28491.3	0	0	0	20012	0	0	0	13349.5	0	0	0	0	20628.9	29993	13711.4	26671.5	0	26672.6	0	25797.6	17227.6	0	0	0	0	0	16350.7	15257.7	16610.4	14011.1	13393.1	15898.9	0	23307.1	26943	0	18098.6	0	0	0	0	10483.5	0	0	-0.935016	-0.289391	0.25	18.5881
43	0	17502.3	12410.7	0	26501	13535.2	0	0	0	0	0	0	0	23399	0	0	0	0	19305.2	17578	0	20861.3	0	16629.5	0	29205.6	26115.4	0	0	0	0	0	17738.7	28580.5	13730.5	25178.7	18785.7	26040.9	13454.9	21915.4	0	0	22161.9	0	19217.1	0	0	15937	0	0	-0.885456	-0.297801	0.255952	17.5109
44	0	13562.4	20142.4	0	15478.9	0	11358.9	16204.9	0	0	0	0	0	24081.2	21398.4	0	0	0	28238.8	26796.7	0	20668.1	0	10975.7	0	20062.1	18142.9	0	0	22015.3	24481.3	0	13934.8	21235.9	26621.4	27839.5	29540.4	12043.6	14401.4	22405.4	0	0	16847.6	21346.5	18457	0	0	18114.8	0	0	-0.822984	-0.200158	0.261905	19.034
45	0	19844	20232.8	0	12166	0	23294.5	23151.9	0	0	0	0	13783.2	28523.5	21711.7	26990.5	0	0	28472.1	20534.1	0	18871.6	0	0	25163.1	12899	22296.2	10160.3	0	21850.2	14127.4	0	14776.4	0	24621.9	19865.4	15176.6	19261.3	27098.1	17703.7	0	0	29351.4	21302.2	19539.1	19295.7	0	17001.3	0	0	-0.748511	-0.218157	0.267857	20.5794
46	0	17270	29892.2	0	21963.6	0	29824.3	0	0	0	0	21684.8	10408.3	23849.4	22250.5	14472.4	0	0	18374.2	0	0	23374.2	0	0	11019.7	16215.8	27367.6	16884.2	0	27801	0	0	20205.9	0	27210.8	12339.1	14069.1	19884.1	19262.5	16635.6	0	0	29725.3	18297.4	11445.9	10688.9	0	13230.6	26874.4	0	-0.663123	-0.126196	0.27381	20.2828
47	0	20550.4	17583.5	0	19730.1	0	23654	0	12401.1	0	0	20281.9	17806.4	17202.3	13839.6	0	0	22986.2	14978.6	0	0	11557.6	0	0	15821.3	0	17395.5	14445	0	10530.9	0	0	23420	0	11316.6	0	11386.7	17291.6	0	0	0	0	26043.4	0	13177.3	13381.3	0	0	21674.7	0	-0.568065	-0.18071	0.279762	20.1545
48	0	25743	22815.6	0	18251.8	0	0	0	20100.3	0	0	29231.6	27919.2	29497.9	15427.9	15551	15878.2	0	18761.5	0	0	28003.6	0	0	22409.8	0	21702.7	23346.5	0	12929.8	0	0	15100.2	0	22081.5	0	11185.3	11944.8	0	22790	0	0	21067	0	21444.4	12596.9	15655.3	0	0	0	-0.464723	-0.125694	0.285714	19.8741
49	0	18647.6	0	0	28567.5	0	0	21988.1	0	0	14740.8	24156.1	22218.7	12055.7	22931	27460.4	29841.5	0	16893	10271.9	0	0	0	0	15393.7	0	0	28231.1	0	28158.5	0	0	13517.3	0	28949.8	0	0	22803.5	0	21100	0	0	21794.5	0	19002.6	0	26882.5	0	0	0	-0.354605	-0.190818	0.291667	19.7281
50	0	14412.2	11596.5	0	13874.6	0	0	17471.8	0	0	27756.6	0	11142.1	0	26710.9	0	0	0	16598.4	23774.1	19564.8	0	0	0	18068.2	0	0	21449.2	0	23302.5	0	0	21452	0	17090.1	0	0	15126	0	0	10523	0	0	0	14007.8	0	16311.6	0	0	0	-0.239316	-0.16394	0.297619	18.8336
51	0	19924	26592.2	0	14861.4	0	0	0	0	0	0	16713.5	19340	0	19381.1	0	0	0	25230.9	26583.8	26390	0	0	0	14089.1	25442.4	0	0	0	28130.1	0	0	21171.9	0	19617.2	24294.8	0	0	0	0	0	23322.2	13870.2	0	17413.3	0	0	0	0	0	-0.120537	-0.11507	0.303571	17.693
52	24921.6	20173.9	15810.3	0	0	0	0	0	10921.1	16496.5	0	19488.9	0	0	20713.7	0	0	23238.6	18032.5	29176.9	28845.2	11429.1	0	0	27796.2	0	29684.6	0	0	26712.5	0	20288.5	0	0	10419.2	14694.5	0	0	0	0	0	29004.3	29005.9	10670.4	25960.4	0	0	0	0	0	0	-0.17668	0.309524	18.5011
53	0	18172.1	15051.9	0	0	0	0	0	0	16783	0	22984.2	23743.4	0	26157.2	0	0	0	17065	21043.9	21358	0	0	0	10703.1	0	21795.4	0	27382.4	17338.4	0	29718	0	0	21954.2	28835.6	0	0	0	0	0	11407.3	13123.7	17275	17888	24845.7	0	0	0	15748.5	0.120537	-0.165018	0.315476	17.4013
54	0	10612.4	14008.4	22860	0	0	0	0	0	11060.6	25811.1	13866.6	27738.6	0	29533.8	12113.7	0	0	29901.4	13676.9	17608.1	13917.3	0	0	0	0	13696.2	0	28770.5	0	0	0	0	0	0	25298.4	27654.6	18849.8	15517.6	0	0	15035.5	0	27514.2	23684.9	21087.4	0	0	0	16571.8	0.239316	-0.0763892	0.321429	17.9957
55	0	0	29653.3	19615.3	17780	0	0	14414.3	0	15888.3	15954.8	0	16325.7	0	0	0	0	0	12039.9	29028.3	11547.4	0	0	0	0	0	12980.8	0	26269.4	0	0	11081.8	0	0	0	13777.5	13707.4	19705.8	28006	0	0	26113.2	27939.5	21735.2	0	0	22329.5	0	0	29400.9	0.354605	-0.00365717	0.327381	18.1036
56	0	0	0	24294	18053.7	0	0	13517.7	0	25529.1	26356.8	0	16490.1	0	0	0	0	0	16559.9	21990.7	14242	0	0	0	0	0	10279.4	0	10590.1	12297.9	17442.5	0	0	0	0	29597.5	23705.4	29432.2	10623.9	0	0	0	0	19853.1	0	0	27800.4	29315.5	0	15588.2	0.464723	-0.0349259	0.333333	17.0237
57	0	0	0	11063.4	24627.9	17497.1	0	27776.5	0	18787.4	23016.8	0	21817.3	0	0	0	0	0	0	0	0	0	0	0	0	16872.7	20920.8	0	13057	19772.3	26338.8	0	0	0	0	20288.8	25896	13378.4	0	12287.8	0	0	0	0	0	0	0	13114.3	27682.8	0	0.568065	-0.119335	0.339286	16.4908
58	0	0	0	15336	14649.4	23933.8	23083.2	27172	0	13256.9	17637.9	0	12339.6	26830.8	0	0	0	0	0	0	10169	0	0	19653.5	0	27373.8	29831.5	0	26784.3	28873.6	11209.1	0	10670.6	0	0	12309.7	18133.9	21972.4	25878.5	21890.5	0	0	29780.5	0	13432.1	24074.3	0	21716.6	0	0	0.663123	-0.0616517	0.345238	17.7874
59	0	0	0	14858.2	12056.1	28152.1	21123.2	24545	21827.9	0	17172.2	0	10428.3	20964.2	0	0	0	0	0	0	17243.1	0	16457.2	0	0	16525.4	19892.7	0	19413.6	0	29599.6	0	0	18258.1	0	12758	15624	13528.8	25721.1	29602.3	0	0	0	0	20971.7	14992.3	0	23387.7	20502.3	0	0.748511	-0.0427854	0.35119	17.8305
60	0	0	15021.2	0	25364.1	17380.7	25928.5	15057.7	28742.6	12422.9	27599	0	21315.7	21807.8	0	0	0	0	0	0	12483.6	0	0	0	0	16298.5	18248.8	0	20247.1	0	29747.8	0	0	26147.6	0	13812.1	10733.9	0	21688.4	12557	0	0	0	0	22222.9	14601.2	14510.2	24035	24795.7	0	0.822984	0.0272608	0.357143	18.3784
61	0	0	0	0	15085.7	0	29274.5	19321.3	28073.1	15695.4	0	0	25202	22077.6	0	0	25256.5	0	0	0	20007.1	0	19727.8	0	0	11574	29828.9	29837.3	16148.5	0	27000.5	0	0	13017	0	0	24523.5	0	0	25867.7	23969.9	0	0	0	24980	14582.9	11201.6	16870.3	16931.9	17338.1	0.885456	0.0947886	0.363095	18.2308
62	0	0	0	11573.2	12164.6	0	0	21286.4	0	0	0	0	15967	21860.7	0	0	21696.1	0	26011.2	0	18728.2	0	26240.8	0	0	16761.9	17437.2	13828	19633.1	0	16121.7	0	0	20120.9	28593.7	0	18084	0	0	16196.7	0	20177.1	29394.1	0	25981.9	27831.1	27008.7	22455.2	0	20548.1	0.935016	0.181766	0.369048	17.5882
63	0	0	0	19041.2	16562.5	0	19726	0	0	0	0	0	0	14082.3	0	0	0	0	0	0	0	0	11874.7	0	0	17269.3	29094	22067.8	0	0	0	0	0	12658.9	15290.5	0	29924.2	0	0	28259.2	0	25844.4	19542.3	17471	0	23830.5	10757.1	28678.9	0	21878.7	0.970942	0.110911	0.375	16.4455
64	0	0	0	23841.9	0	11431	21909.3	13472.5	0	0	0	0	0	11769.2	0	0	20283.2	0	0	18427.4	0	0	12786	0	0	25116	13989.2	0	27627.7	0	0	0	0	10063.7	20292.8	0	19429.2	0	0	29257.8	0	23271.7	26346	16324.9	0	16217	17111	29019.7	26604.8	27545.1	0.992709	0.15246	0.380952	16.8401
65	0	0	0	28603.4	17659.7	18844.3	19512.3	27542.1	10043.6	0	0	0	0	0	0	22910.3	10085.4	0	0	23727.3	0	0	0	0	0	17498.6	0	0	27554.3	0	0	0	0	0	13489.2	0	18345.2	0	0	18710	0	27276.4	24398.2	16214.6	21892.4	26664.6	28323	18023.5	24370.9	26924.3	1	0.139876	0.386905	17.7574
66	0	0	0	15334.7	11178.2	11563.1	0	13138.1	29413.9	0	0	0	0	26549.9	0	10951.3	11881.7	0	0	0	0	19888.6	21807.9	0	0	14959.4	0	0	23041.4	0	23347	0	0	17015.2	27781	0	13840.3	0	0	0	0	21981.3	16275.4	23225.7	24796.6	15625.9	10832.3	15730.1	23226.5	24647.9	0.992709	0.0745402	0.392857	17.5495
67	0	0	0	27443.6	17991	13931.6	0	14808.9	15035.6	0	0	0	0	22593.1	0	0	29516.9	0	0	0	28379.6	0	22476.9	0	0	26642.3	0	0	28539.8	17515	0	0	0	11375.9	0	29649.8	13377.7	14320.6	0	0	0	26049.5	21104.9	19571.7	24811.8	24424.2	15075.3	23975.3	15701.9	29494.6	0.970942	0.0239287	0.39881	17.8241
68	0	0	0	23087.5	22418.2	26427.2	0	11767.4	15019	0	20094.6	23054.1	0	12136	0	0	0	0	21356.9	0	29975.5	0	20245.7	0	0	12539.1	0	0	0	0	0	0	0	25032.9	22162.7	19816.8	15176.9	12299.7	22719.8	14127.9	0	0	28717.6	20775	0	16374.4	17135	0	21210.2	10728.7	0.935016	0.0927982	0.404762	18.7407
69	0	11727.2	0	21392.1	17714.9	23166.2	0	0	25934	0	10957.9	17409.9	0	29364.5	17212.2	0	0	0	16216.8	0	25684.9	0	14942.2	0	0	27024.2	27321.8	0	28476	0	12987.7	12965.3	0	17477.9	27483.5	13162	28213.9	13538.3	0	17917.2	21830.3	16451.6	19444.6	18752	0	0	26901.5	0	28662.4	29096.5	0.885456	-0.00150299	0.410714	19.7375
70	0	10179.2	0	0	28517.3	16251.9	0	0	12153.4	0	0	0	0	15843.9	19587.1	0	0	0	20347.4	15368.6	26426.3	0	20748	0	0	16583.3	28808.9	0	19079.2	0	25068.7	12669.2	0	0	15642.3	17635.8	21818.7	13653.6	11682.9	11439.2	20142.4	21064.4	29842.6	29788.9	0	0	27023.8	0	17753.9	16804.1	0.822984	-0.0897846	0.416667	19.4636
71	0	0	0	0	28008.4	16789.3	0	0	19083.4	0	0	0	0	12634.1	18125.3	25460.2	0	0	26601.8	0	14254.2	0	0	0	0	17930.1	29979.6	0	27300.9	0	26819.6	20733.3	0	22512.2	0	26971.9	0	23650.6	12998.7	20233	12734.2	28492	15273.5	16163.2	0	0	0	0	0	15407.8	0.748511	-0.0135282	0.422619	18.8879
72	0	0	10133.6	0	20094.8	23427.1	0	10582.2	16915.4	0	18614.4	0	0	28523.1	16967.8	10552.9	0	16146.8	28537.5	0	22825.4	0	28294.6	0	0	0	27707.7	0	0	0	24385.7	19667	0	19556.6	0	15907.8	11119.3	18784.3	20505.1	18941	15638.8	26465.9	24157.8	16079.6	0	0	0	10690.9	13982.6	10257.5	0.663123	-0.00756879	0.428571	20.3025
73	0	25062.8	11943.1	26120.3	25293.2	22300.2	11114	26140.7	19745.8	0	0	0	0	0	16329.1	16955.4	0	0	29273.7	0	22019.5	13966.2	0	0	0	0	0	0	0	13473.1	11363.5	25449.5	0	25540	0	0	0	20124.9	14445.9	16553.8	27713.6	0	20759.7	10511.3	0	0	0	13345.7	25272.1	25884.2	0.568065	-0.0756637	0.434524	21.7086
74	0	19739.1	25553.3	10059.2	10542.8	0	0	21912.9	29393.6	0	16290.9	0	0	0	21702.7	20262.3	0	0	15289.9	25308.8	23667.8	0	0	0	0	0	0	0	0	24384.3	25368.3	25137.4	14189	13232.2	0	10684	0	0	12623.1	10326.2	29863.5	0	0	13590.8	0	0	0	16741.3	16683.1	20706.6	0.464723	-0.157669	0.440476	20.9127
75	0	18639.3	18777	21596.9	12356.4	0	0	0	19204.6	0	0	0	0	20418.3	13454.7	24094.2	0	0	0	22353.9	14259.4	18837.2	0	0	0	10512.3	0	0	0	20443.5	25552.8	15314.3	22709.9	19773	17673.8	0	10274.8	0	27522.4	13735.5	23172.2	0	0	18701.9	0	28366.6	20723.1	26613.7	22573.2	23885.3	0.354605	-0.0673181	0.446429	20.2346
76	0	24253.6	26846.4	27796.9	21998.7	0	10314.9	0	0	0	0	0	19717.7	14000.8	10058.6	25978.5	29634.6	0	27853.6	0	14100.6	21831.3	0	20009.3	0	0	0	0	0	22415.2	27823.8	23165.1	13320.1	25993.5	21652.2	0	17842.4	0	23761.2	0	0	0	26409.4	25960.8	0	0	14801.3	15929.8	23607.8	23813.7	0.239316	-0.104549	0.452381	21.1604
77	0	27866.3	29425.1	23754.1	21111.3	0	16725.4	0	0	27133.1	0	0	25383.9	19616.1	22341.2	17678.1	10159	0	0	0	0	16451.4	0	0	0	0	0	0	0	22086.8	29092.2	14399.6	23435.1	25560.8	12295.9	0	15477.6	0	12815.3	0	0	0	18802.1	28635.4	0	0	20675.2	24989.2	23285.6	0	0.120537	-0.194501	0.458333	21.1064
78	0	15771.9	20537.9	0	18452.2	0	0	0	0	19774.5	0	0	14496.2	22776.9	16106.6	10088.4	23852.6	14483.4	0	0	0	18699.5	0	0	0	0	28035.1	0	0	17890.8	15744.7	26602	13102.3	11367.9	29072.6	0	25231.9	0	18284.7	23534.6	20634.6	0	0	28337.5	11226.4	0	29059.6	18717.4	0	0	-3.21625e-16	-0.182663	0.464286	20.0639
79	21820.3	11372.8	29581.1	14123.2	24629.1	0	0	0	17194.5	17043	0	0	17310.1	14640.1	21275.2	13703.4	23122.4	16991.6	12207.3	0	0	23674.4	0	0	0	0	23317.2	0	27541.5	0	0	20702.8	28353.4	22503	17575.5	0	0	0	29467.6	22542.6	24270.9	0	0	23879.4	15680.9	0	0	16210.9	23968	0	-0.120537	-0.0912121	0.470238	21.9822
80	17388.6	12654.3	18283.2	21433.6	27605.7	0	12846	0	26508.1	15711.1	28774.9	10055.3	26925.6	20303.7	0	12648.8	25908.4	14463.6	12926.8	0	0	26433.7	0	28401	0	0	0	0	25344.6	11204.1	0	12548	0	0	15130.9	0	0	0	24529.4	25649.1	11264	0	29706.3	26726.9	21206.6	0	0	23153.5	0	0	-0.239316	-0.0158483	0.47619	22.8947
81	11634.5	0	12314.5	25952.4	15692.7	11503.7	27244.4	0	27591.8	29635.6	12389.5	24333.7	25886.8	0	0	0	18292.3	28844.9	0	0	0	22798.9	24886	13029.5	0	0	0	0	0	12015.7	0	22532.9	25539.4	0	27702.8	0	0	27218.7	19213.1	17195.1	29302.4	0	29821.2	0	17835.5	0	0	14666.6	23466.4	0	-0.354605	0.0806339	0.482143	22.295
82	15471	0	21967.4	14475.4	10007	0	28429.4	0	23591.2	0	18121	11428.6	14201	0	0	0	17451	0	0	0	0	11560.7	26109.9	25007.8	0	0	0	0	0	12068.8	0	13753.7	20885.4	0	16493.6	0	21324.6	0	12993.6	18231	0	0	16541.4	21756.1	22012.3	0	0	16360.2	0	0	-0.464723	0.00895869	0.488095	19.9753
83	13920.3	26811.6	0	21977.5	15153.6	0	0	0	19671.9	0	0	25869.7	17870.2	0	0	0	20962.3	0	0	0	20081.5	0	24411.6	11384.6	0	0	23559.9	22822.5	0	15182.4	17354.2	19034.5	17084.3	0	19368.7	27918.6	21459	0	28474.7	0	0	29222.6	14454.2	17599.1	12917.6	0	12031.7	20705.1	0	0	-0.568065	0.0304174	0.494048	19.3414
84	10825.5	10523.9	0	18905.8	28971.1	0	0	0	11275	0	0	17636.2	28305.9	0	0	0	25193.4	20213.8	0	22418.1	21506.6	0	0	24057.3	0	0	0	13017.5	13537.9	23583.3	0	14155.7	26877.9	0	0	17026.2	11322.4	0	13671.2	0	0	13441.2	22572.3	29637.8	23550	0	15438.6	24545.3	0	0	-0.663123	0.104376	0.5	19.591
85	19597.5	0	0	18719.6	0	0	0	0	0	0	0	0	28249	18565.6	0	29995.7	27356.4	0	0	24121.5	23178.7	0	0	20339	0	0	0	24440	12477.9	0	0	24279.7	13660.6	25637.1	0	25511.8	16206	0	28668.1	0	0	17621.7	0	20790.9	29036.3	0	20924.3	14493.8	12117.6	0	-0.748511	0.105237	0.505952	18.2317
86	22109.9	0	0	16578.2	0	0	0	0	0	0	0	13953.4	11160.4	10557	0	26797.3	18141.9	0	16719.8	0	17650.9	0	0	21635.3	16770.1	13893.8	0	28787.2	29040.3	0	0	16703.8	13551.1	0	0	14183.6	0	0	18490.8	0	0	11080	0	0	25456.1	0	0	0	26685.9	0	-0.822984	0.0243602	0.511905	17.9609
87	18626.9	0	0	19077.6	0	14304.7	23395.8	0	0	27530.5	0	18659.5	22059.5	23166.1	0	22134.4	0	0	20546.6	0	26981.2	0	0	0	0	0	20535.5	18909.1	19076.6	0	0	0	0	0	26577	12610	11568.6	0	15565.6	0	0	25808.4	0	0	12175.7	0	0	0	23340.1	11645.5	-0.885456	0.0808755	0.517857	18.8216
88	0	0	12530.5	18956.5	0	0	15595.3	0	0	25376.3	0	24183.1	22219.9	0	0	11728.7	0	19081.4	25640.8	28347.7	23769.6	0	0	0	0	0	0	20177.3	20790.6	0	0	17640.1	0	0	0	27212.9	29360.3	0	26630.4	0	0	0	0	0	20298.5	0	0	0	22512.4	22223.9	-0.935016	0.151436	0.52381	18.4697
89	0	0	25660.2	19385.7	0	19139.4	10665.9	23897	0	20014.9	0	22625.1	21986.7	28401.5	0	13737.2	0	26758.2	0	24432.8	26526.9	0	0	0	0	0	0	18967.8	21862.4	0	0	12427.6	0	0	0	24301.9	18443.2	0	14451.9	0	0	0	0	20629.6	27225	0	24600	0	14076.6	0	-0.970942	0.084065	0.529762	18.6528
90	0	0	19475.9	15739.2	0	19760.9	19625.3	22579	0	14845.4	0	11890.2	11379	27896.2	0	0	24651	29835.6	18633.2	19238.1	19361.7	0	0	28877.5	0	0	21343.6	16656.8	16533.4	17083	0	26005	0	0	0	0	19039.4	24135.9	14414.7	0	0	0	23436.8	26190.7	0	0	0	0	29035.3	0	-0.992709	0.116605	0.535714	19.4288
91	23470.3	16173.3	24287.6	17354.7	0	17517.1	25389.9	12885.1	0	23438.2	0	20111.8	0	20603.3	0	0	25958.8	14759.8	20916	20823.2	12052.1	0	0	12616.3	0	0	24084.6	12200.3	0	17630.7	0	0	0	0	0	0	22948	13400	14869.3	0	14080	12004.2	24927.6	10324.1	0	0	0	0	18445.6	29096.2	-1	0.103995	0.541667	19.7029
92	15175.4	21629	13327.4	0	0	18386.4	29074.2	14093.8	0	28576.1	0	13415.7	0	13283.6	0	0	23361.9	0	29658.4	20087.4	0	0	22562.3	20457	0	0	26691.6	22293.8	14095.7	25965	0	0	0	0	0	0	26713.3	28329.8	0	0	25320.6	11417.3	0	18412.5	0	0	0	0	12296.2	26590.6	-0.992709	0.110491	0.547619	18.9809
93	23118.3	21749.9	0	0	0	19041.7	18943.9	23280.6	0	23620.3	10919.1	18529.6	0	24929.4	0	0	18661.9	0	25568.5	10785	0	0	10594.3	17208.1	0	0	24857.7	18332.7	0	23934.1	0	13938.4	0	0	0	0	18348.6	19752.2	0	0	23604	17871.6	0	10055.8	15605.6	0	0	0	25438	23218.2	-0.970942	0.165747	0.553571	18.0535
94	0	14600.9	0	0	0	13033.5	10511.2	21281.3	0	17814.7	0	16428.9	0	0	15797.3	0	20966	0	0	0	27924.3	0	0	24165.1	0	0	24423.5	15729.5	0	25046	0	28019.9	0	0	0	0	19096.2	27607.5	0	27638.2	0	26860.1	0	15249.6	19442.6	24517	0	0	12440.4	0	-0.935016	0.118514	0.559524	17.04
95	0	17519.8	0	0	0	21146	25277.6	17633.9	0	24784.1	20910.9	20517.3	0	0	19734.9	0	20808.3	0	21979.8	0	14883.7	13006.3	0	0	12302.8	0	12060.4	20308.9	0	26986.8	0	11447.6	19523	0	0	0	13824.9	12319.4	11291.9	0	0	14935.3	0	14405.1	10276.1	20604.3	0	0	21016.4	0	-0.885456	0.155371	0.565476	17.4516
96	0	0	0	26963.2	0	15752.4	28204.8	17812.7	0	12295.6	10246.5	25955.6	0	12999.2	16679	0	22216.5	0	26246.6	0	0	0	0	0	11639.3	0	12333.9	0	0	28638.9	0	21761.3	29206.4	25233.6	14702	0	13971.1	29259.8	14102.5	0	11230.9	14484.6	0	0	17068.2	17549.2	0	0	10952.7	0	-0.822984	0.13223	0.571429	17.9903
97	0	0	26420.3	11818.7	14956.9	26467	25242.9	11312	0	0	22958.7	21085.7	0	10042.2	13022.6	0	20126.5	0	17119.7	16805.4	0	25258.9	0	0	23479.4	0	12703.8	0	0	12617.9	0	10297	0	16103.9	23875.2	0	21931	22524.9	11897.6	19517.2	19645.3	19560.3	0	23569.3	27554.9	21503.9	29279.9	0	29863.1	0	-0.748511	0.147828	0.577381	19.2889
98	0	0	24543.5	10223.9	0	21018.3	27282.8	19368.5	12100.5	0	14241.2	13939.6	0	14607.4	24541	14879.3	13553.7	0	0	0	0	0	0	0	10000.1	0	10495	0	0	29318.2	0	0	0	12339.3	27399.2	0	29861.5	16525.5	17803.3	11168.3	0	15734.2	0	14289.6	26452.1	14263.6	29330.8	10870.4	29401.7	0	-0.663123	0.166745	0.583333	18.7351
99	0	13319	19978.6	11276.4	0	20298.9	28442.6	28021.6	0	0	0	23085.9	0	16233	10772.5	22945.2	0	0	0	0	0	0	0	0	19671.3	0	13407.1	14622	0	10792.6	0	0	24300.6	17507.7	0	0	26407	23147.6	0	16407.7	0	0	0	17905.6	13022.2	22805.4	23222.9	10968.4	13309.1	0	-0.568065	0.205389	0.589286	18.0007
100	0	22587.7	0	25533.6	0	0	18513	0	0	13578.3	0	25263.8	0	11602.3	23346	0	0	0	0	0	0	0	0	0	25287.7	0	0	21238.3	0	22723.2	15305.8	0	11346.6	24922.6	24087.4	0	14454.6	23493.5	0	17308.4	0	0	0	0	20711.6	22279.1	23758.6	11557.1	22893.1	0	-0.464723	0.290764	0.595238	17.2843
101	19742	12181.3	0	18148.7	0	0	17064.2	0	0	20059.8	0	0	0	19925.5	14639.4	15648.8	0	0	0	0	0	0	0	0	29446.9	14952.4	0	28963.3	0	0	0	0	22386.4	12621.8	26019.4	0	0	0	0	12793	0	0	0	0	26153.3	29274.7	23238.8	19090.7	24377.5	14142	-0.354605	0.325843	0.60119	17.0829
102	29574.8	21002.2	0	17380.4	11945.3	23472.6	18152.7	0	0	16938.3	0	0	0	0	12436.3	28100.9	0	0	0	0	22931.7	0	0	0	0	23780.2	0	23423	0	0	0	0	27620.2	0	25015	0	0	0	0	28074.3	0	13564	0	11998.8	0	15439.4	24673.3	28817.9	25840.5	13402.1	-0.239316	0.277731	0.607143	17.8274
103	27411.2	20290.7	0	12717.5	18317.9	14663.7	29323.9	0	0	17835	13360.3	0	0	17287.8	27562.3	20700.8	0	0	0	0	12752.9	0	0	10486.3	0	25237	0	10821.1	0	0	0	0	0	0	16805.5	0	0	0	0	10083.9	0	12230.1	0	27144.9	0	0	17382.1	0	22081	16885.6	-0.120537	0.232154	0.613095	18.051
104	27293.2	28211.1	0	20323.4	10098.2	0	18642.3	0	0	29734.9	12697.7	0	0	15348.1	12358	0	0	0	0	0	26346.9	0	0	22674.6	0	18943.8	0	0	0	0	10507	0	0	25087.4	21950.6	0	0	0	0	20555.8	0	21262.2	0	19592.6	25743	0	27852	0	25244.3	23379.2	0	0.165463	0.619048	17.4653
105	20811	10414.2	26220.8	10965.7	20205.9	0	10793.8	27149.7	0	12507.8	17567.8	0	0	11143.7	15014.5	0	0	0	0	0	27857.4	18927.6	13906.1	0	0	23632.2	0	0	21160.9	0	20106.5	0	17978.9	21308.7	23547.9	27855.7	0	0	0	28731.9	15769.3	0	0	0	0	0	0	0	24708.6	17116.9	0.120537	0.0725456	0.625	19.1509
106	24456.3	27175.6	0	19646.6	10816.8	0	22236.8	19587	29497.8	15643	17156.3	0	10031.2	28161.2	13700.3	0	24108.2	0	0	0	22808.6	14980.2	0	0	0	14986.7	0	0	11428	0	20130	0	0	0	0	25253.5	10891.2	0	0	21271.2	22322.2	0	0	0	0	0	0	0	28472.8	12381.9	0.239316	-0.003968	0.630952	20.1259
107	10552.4	25013.1	0	11186.9	28099.5	0	28352.5	14428.3	28481.8	0	19034.8	0	19252.8	0	28041.9	0	0	0	0	0	0	0	12657.8	0	0	17809.8	0	0	0	0	18294.7	0	0	11989.9	16295.4	0	19752.5	0	0	26835.2	12610.5	0	0	0	0	0	0	0	19090.7	25259.7	0.354605	0.0781107	0.636905	18.709
108	22733.5	11230.5	0	12839.6	17044.6	0	0	20041.6	0	0	0	0	10741.1	0	0	11088.5	0	0	0	0	0	0	10813.9	0	0	26671.4	0	0	0	19449.5	29603.2	0	13353.7	20631	14989.5	0	18827.4	0	0	15729.5	28083.9	0	0	0	0	0	18682.3	0	23615.5	22795.5	0.464723	0.0565167	0.642857	17.1292
109	0	26337.1	0	0	26699.9	0	21283.4	10391	0	29784.7	0	0	15520.5	0	0	0	0	0	0	0	0	0	11172.8	0	0	23369.4	0	0	0	27792.9	0	0	15599.8	22818.4	29973.6	0	14143.5	0	0	27973	10967.8	0	0	22531.6	0	0	23379.4	22340.6	24271.5	0	0.568065	0.100307	0.64881	16.7176
110	0	10442.4	0	0	19202.6	0	0	13458	0	26657.5	0	0	16497.2	0	0	0	0	0	0	0	0	0	0	0	0	28945.9	0	29185.3	0	26303.5	0	0	13411.8	12604	0	11977.8	0	15647.7	0	14051.9	11233.2	0	0	25311.7	0	0	0	22030.3	25957.8	0	0.663123	0.126349	0.654762	15.6085
111	0	0	22238.9	16572.9	19958.1	11095.1	0	28011.9	0	29235.9	0	0	25225.6	0	0	0	12937.6	0	0	0	0	0	0	0	0	16416.2	0	15662.4	16613.2	0	0	0	10483.6	0	0	28151	12721.4	10901.3	0	18902.6	16495.4	0	0	24321.3	0	0	29676.4	0	16018.6	0	0.748511	0.0318596	0.660714	17.0543
112	10496.2	0	13960.1	26952.5	29367.9	18355.3	0	24174.6	0	26726.1	0	18287.3	0	0	0	13930.1	21728.5	0	17853.8	0	0	0	0	0	0	15037.2	21026.3	28347.6	18304.4	0	0	0	15358.1	13700.2	0	14780.4	23464.2	16163.4	0	15742.5	0	0	0	20148.5	0	26442.3	13446	24338.6	15156	16683.4	0.822984	-0.0418349	0.666667	18.7184
113	19559.4	0	13501.2	26678.6	29966.3	0	0	14631.8	16219.6	12657.1	27027.3	13863.6	0	0	0	29042	18012.7	0	22487.2	0	0	0	0	0	0	12421.8	13734.2	0	21369.7	0	0	0	0	25806.4	28858.2	17801.5	14913.6	19190.5	0	15058	22445.8	0	0	12448.4	0	28633.9	29044.1	20726.3	24441.5	24942.7	0.885456	-0.0456577	0.672619	19.259
114	10153.3	0	28069.8	18754	28889.2	0	0	13512.7	11125.5	0	0	29292.6	23362.2	0	0	23149.1	13032	12934.3	25786.6	0	0	0	12068.8	0	0	27553.2	12287.5	15259.1	17585.2	0	28997.6	0	0	19809.1	0	14209	20009.3	17454.2	0	21978.3	10529.1	0	0	20636.8	29389.6	11809.6	29820.3	0	0	14012.2	0.935016	-0.0256289	0.678571	19.3492
115	29917.3	10047.8	15899.7	24098	23604.1	0	0	12981.4	24929.6	0	0	19361.3	10094.7	0	0	24876.4	25227.8	16785.4	27120.1	0	0	0	14583	0	0	10538.5	12357.4	0	17088.4	14179	16585.3	29451.8	0	0	0	17934.7	24874.7	19952.1	0	29727.1	0	0	0	14673.9	24899.3	29573.7	11380.3	18641	0	12336.3	0.970942	-0.065884	0.684524	20.1241
116	25042.5	15269.3	0	24768.2	0	0	0	23494.4	23956	0	0	0	0	0	0	23053	24953.1	24810.5	0	28154.5	29518.2	0	14642.2	0	13240.9	25720.5	0	0	19728.5	17343.5	0	28568.5	0	0	0	17816	13571.5	20017	0	29118.1	0	0	0	28319.5	11386.9	0	0	27175.5	21350.9	25936	0.992709	-0.163678	0.690476	20.0026
117	19861	23528.3	0	28225.4	0	0	0	27533.5	14853	0	0	0	0	0	23297.1	11809.9	26816.5	16102.9	0	18208.7	26548.3	0	0	12887.3	14040	23032.9	0	0	17949	11137	0	22705.4	0	0	0	22026.1	0	24974	0	11900.1	0	0	0	17364.6	0	0	0	27367.1	12726.2	16552.2	1	-0.124743	0.696429	19.8667
118	24515.4	15677.8	0	22326.8	0	0	0	0	12010	16926.6	0	0	0	0	0	21505.1	27171.5	10593.5	0	25212.1	15968.3	0	0	22684.1	16978.9	28416.8	0	0	16017.6	27068.9	0	23830.2	0	0	0	0	0	21076.1	0	16066.1	28944.2	0	0	23284.2	0	0	20619.3	23702.2	17754.6	27677.1	0.992709	-0.0822119	0.702381	19.4493
119	24123	13592.5	0	12533.8	0	28361.7	0	0	21687.8	29890.5	10664.5	0	0	15071	0	25122	0	25988.8	27881.8	0	0	0	0	29635.8	19632.3	0	0	0	15302	25923.8	0	17698.7	0	0	0	0	0	16769.5	0	21491.4	24603.6	27311.6	29517	0	0	0	23505.1	0	15549.2	21650.7	0.970942	-0.0163269	0.708333	20.2597
120	23973	0	0	16818.5	15456.5	28711	0	0	18826.1	18032.2	13943.5	0	14011.7	28481.1	15555.4	20949.9	0	24202.5	13968.9	0	0	0	13506.3	0	17435.5	28877.7	0	24619.4	0	10586.7	18984.4	22333.2	0	0	0	0	0	11917.8	20282.8	16084.8	0	22168.4	13571.6	0	0	0	17561	0	26521	16309.6	0.935016	-0.0173727	0.714286	21.5292
121	12117.3	0	0	12506.3	11618.6	29577.2	0	21069.9	15578.2	0	26810	0	27678.5	0	11766.1	16609.6	0	0	21712.6	0	0	0	0	0	0	18253	0	24439.9	0	13001.9	27710.7	0	0	0	0	0	0	0	0	12750.5	0	20325	26012.1	0	0	0	13417.3	0	19693.5	0	0.885456	0.00408848	0.720238	20.0347
122	16984.2	15303.1	12523.3	23209.6	22622.6	27647.6	0	28076.9	25457.5	0	26002.4	0	0	0	24969	14101	0	0	23951.7	0	25766.7	29061	0	0	0	25885.2	24103.5	12878.2	0	15609.3	27464.6	0	0	0	0	0	0	0	23423.3	11758.4	27722.2	13733	0	21644.9	0	0	28079.2	0	0	0	0.822984	-0.0136425	0.72619	21.0106
123	21965.1	13805.1	26767.1	20618.6	28004.3	28520.4	0	15489.6	27510.3	0	14431.1	0	0	0	27202.2	12261.6	26941.9	16130.5	13164.4	0	0	10212.6	0	0	0	0	0	28352.8	0	29552	17922.7	0	28922.1	0	0	0	0	16796.6	10965.5	25603.9	19554.5	11614	0	16102.5	12684	0	16811.2	0	19212.1	0	0.748511	0.0837415	0.732143	21.0319
124	19170.3	10316.4	15017.1	13331.7	13577.7	11703.9	0	0	21811.9	0	0	0	0	12659.9	25230.7	22670.4	16383.2	0	28748.9	0	0	0	0	0	0	0	0	11282	0	0	26083.5	0	0	0	0	20074.5	0	12191.9	0	17038	21192.7	25589	0	16235.5	29814.7	27885.2	17734	0	24865.1	0	0.663123	0.090372	0.738095	19.3649
125	22805.4	12362.5	14097.7	15760.9	10646.7	27521.7	0	0	29248.9	0	0	0	24643.5	22024.5	15111.4	11224.8	17660.5	0	13867.3	0	22712.8	29608.1	0	0	0	0	16244.3	0	0	0	29363.5	0	0	0	0	0	0	0	0	13947.4	21025.6	0	0	14394.4	15279.3	0	25669.6	0	0	0	0.568065	0.131816	0.744048	19.0686
126	0	0	27530.2	21822.1	19065.5	0	0	0	11750.3	0	0	0	21322.1	18389.2	22317.5	21896.1	19965.1	0	20278.9	0	10791	23471.5	0	0	0	0	24868.4	0	0	16889.1	0	0	0	0	0	20902.2	0	0	0	26349.4	13256	0	0	0	14701.7	0	0	0	0	0	0.464723	0.204794	0.75	17.8663
127	0	0	17335.8	0	24974.5	0	0	0	24264.6	0	0	0	21000.9	20695.5	0	0	13487.6	0	11157.3	0	0	11818.5	0	0	0	0	0	0	0	16848.5	0	0	0	0	26013.8	0	15110.8	0	19955.8	18977.6	0	0	0	0	0	0	0	17466.5	14336.9	0	0.354605	0.168973	0.755952	16.2459
128	0	0	23082.7	0	0	0	20594.4	0	0	0	24248.7	0	16562.6	22392.5	0	0	29334.8	0	15821.4	0	0	0	0	0	0	0	0	0	0	25997.8	0	0	0	0	22511.2	0	21963.1	0	0	25227.6	0	22155.5	0	0	0	0	0	12458.9	27378.3	0	0.239316	0.157124	0.761905	14.8875
129	13682.9	15619.3	10574	0	0	0	18073.5	0	0	0	17403.9	0	12827.8	18629.3	0	18367.7	19898.2	16000.2	29385.9	0	25298.7	0	0	0	16217.6	0	0	0	0	24573.2	28443.9	0	0	0	11807	0	28930.3	15184.1	0	26110.6	29169.4	12049.1	0	15261.1	0	0	0	13336.7	21792.1	10977.7	0.120537	0.0947711	0.767857	16.1118
130	21625.1	10424.1	10590.9	0	0	0	13153.8	0	0	0	12809	0	21701.9	28413.2	0	25187.8	21718.7	10672.1	0	22930.7	29080	0	0	0	0	0	10091.9	0	0	13204	11004.8	0	0	0	0	0	20022.5	28708.1	0	10009.8	27205.6	23143.2	25626.2	20236.9	0	11993.3	0	24265.2	23559.6	12583.8	-3.21625e-16	0.187496	0.77381	16.2428
131	25419.6	11046.8	16007.4	0	0	28412.1	12599.7	0	26408.2	0	18578.4	0	24653.4	16320.2	0	0	25488.9	27751.1	0	23345.4	22971.2	0	0	0	0	0	15042.4	0	0	29163.4	18195	0	28906.2	0	0	0	16355.7	0	0	12824.4	11784.2	10777	19028.6	14191.1	0	22969.3	0	0	21678.5	20414.8	-0.120537	0.0950287	0.779762	17.211
132	20177.1	11844.9	28346.4	0	0	10605.3	0	0	27063.4	21946.6	18470.6	14256.9	0	0	0	0	23783.9	28600.9	23695	28840	13512.7	18239.5	0	0	0	0	16108	14729.1	0	27721.3	18819.3	0	22320	0	27143.5	0	0	0	0	22191.8	27141	0	21458	24371	0	0	0	23803.5	0	25695	-0.239316	0.102422	0.785714	18.5845
133	25623.2	0	18827.5	0	23703.9	0	0	0	26062.3	17273.7	15821.5	18807.3	0	0	0	0	11614.6	27898.9	13570.7	20946.9	11533.9	24728	0	0	10865	19057.2	0	16457.5	0	10427.7	0	0	0	0	26136.9	0	12629.8	0	0	11816.9	12423.7	0	18198	19110.5	0	13160.6	0	26409.7	0	26135.1	-0.354605	0.17133	0.791667	18.5807
134	20804.7	18857	21635.2	0	0	0	18981.7	0	22455.8	10047.9	24295.7	0	16891.1	0	13295.3	0	19527.2	14647.6	14789.2	11895.7	0	12970.3	0	0	16672.2	29965.8	0	22165.6	0	14851	0	0	27314.3	11647.9	25266.5	0	0	20801.5	0	13313.4	27802.1	0	0	14326.2	0	16145.3	0	27504.9	0	23407.4	-0.464723	0.202432	0.797619	19.5125
135	10247.5	26648.6	29767.7	0	0	0	10176.3	0	11268.8	18766.5	26471.8	0	13252.8	0	16516.5	0	0	24795	0	0	0	19417.3	0	13109	14367.3	0	0	23810.7	0	24258.2	0	0	17312.4	28464.5	22656.9	0	12256.6	23641.4	0	13642.8	23314.8	0	0	29310.1	0	22420.2	0	27358.6	0	26633.8	-0.568065	0.159203	0.803571	19.1957
136	21479.1	28051.7	19088.4	0	0	0	25797	0	0	27783.8	27663.7	0	12353.4	0	19997.6	10890.1	0	15797.4	0	0	0	21447.8	0	12933.2	14691.2	0	0	11762.9	0	29609.2	0	0	29354.8	0	23574.1	0	0	16090.7	0	16771.7	17044.2	0	0	20619.2	0	0	22572.5	17539.2	10421.4	16399.3	-0.663123	0.134158	0.809524	18.3655
137	17176.2	0	0	0	22609.2	0	12090	0	0	18762.9	11028.7	0	20668	0	25979.9	0	0	25340.2	13048.4	0	12095.9	28287.1	0	17549.4	12049.8	0	0	15442.5	0	0	0	0	0	23773.6	21906.1	0	0	21218.7	0	23900.9	27840.4	0	0	12163	0	12721.2	26819.8	27355.3	20783	0	-0.748511	0.0316306	0.815476	18.2207
138	13757.3	0	0	20894.3	0	0	0	0	29896.6	12947.8	24756.8	0	0	0	0	0	0	19840.1	25897.9	0	27651.1	14700.6	19067.4	27029.1	28140.6	0	13667.6	16398.5	23955.8	0	29036.6	10939.7	0	10797.5	19677.3	0	0	10169.1	23655.1	25771	29704.2	29677.8	0	0	0	29398.2	15385.7	21403	19261.4	0	-0.822984	-0.0331359	0.821429	19.1555
139	19253	0	0	29401.2	17660	0	13384.5	0	12579.7	17273.3	16942.3	29235.4	0	0	0	0	0	20919.4	27277.2	0	14152	0	13180.9	23361.6	22322.4	0	27237.2	28138.8	17338.1	0	16157.3	10451.4	0	20994.8	18168.1	17884.5	0	28876.3	17095	11111.6	25924.2	14003.9	0	0	0	0	21025.8	23784.7	10136.5	0	-0.885456	-0.0848237	0.827381	20.526
140	19361.4	0	0	22020.2	22080.9	0	12893.5	0	25528.7	18178.3	0	0	12566.3	0	0	25933.2	28668.5	24652.9	17758.5	18759.4	14735	19966.3	0	12283.7	10655.1	0	14895.7	0	14568.6	0	26496.3	27315	0	28452.2	22040.6	0	0	0	21897.9	18812.4	10241.8	0	0	0	0	0	12472.5	20939.2	0	10231	-0.935016	-0.0374573	0.833333	21.8527
141	0	0	21642	0	14191.4	0	16741.2	0	18687.8	0	14782.5	0	0	0	0	26455.5	13521.3	0	24967.5	29754	15020	18273	0	21238.4	17733.9	0	24337.6	0	0	0	15020.6	29849.9	0	25947.4	17267.8	16214	0	0	19846.1	29110.2	0	0	0	0	25479.4	0	28974.9	0	0	11833.6	-0.970942	0.0498787	0.839286	20.1634
142	10905.2	16536.1	0	16274.4	25222	22521.7	26607.7	0	20914.5	0	10811.4	0	0	0	0	14896.9	13861.7	0	16709.5	0	0	15613.7	0	27185	14604.7	0	0	0	0	0	21365.2	23124	0	17305.4	0	0	25742.2	0	10847.3	27910.1	0	0	0	0	10007.2	0	27025	10644.7	0	16003	-0.992709	0.00856015	0.845238	20.0421
143	14417.2	28569.3	0	24770.3	20709.1	29406.1	27269.6	0	23899.9	0	28640.1	0	14439.8	0	0	23654.5	21773.1	0	29359.6	0	0	28844.7	0	28366	21305.4	17683.8	0	0	10470.2	24194.1	0	20719.4	0	22370.6	0	15235.1	28530.8	0	21435.6	18889.4	0	0	0	0	29505.9	0	19851.9	28428.3	0	26663.7	-1	-0.0582749	0.85119	20.8629
144	12845.6	11684.5	0	0	13509.9	21320.3	10830.5	13387.7	0	0	21475.1	0	26000.2	0	19798.7	0	24312.2	0	26113.1	14198.3	0	0	0	25997.7	14970.3	21813.8	0	0	25102.8	0	0	13494.9	0	17076.8	0	15121.4	15235.4	0	18428.1	10478.1	0	15695.6	0	0	10755	27801.3	13426	0	0	25139.6	-0.992709	-0.12006	0.857143	20.5704
145	27627.8	17186.5	0	0	29714.7	21984.2	0	11773.5	29283	0	25890.9	10112.9	19606.8	0	15803.7	0	19173.5	20990.8	13053.6	13061	0	0	0	26180.2	0	27647.3	0	0	19308.8	0	0	10767	0	15028.6	0	16215.5	22472.6	0	14558.2	23164	18915.1	24750.5	0	0	25851.5	13873.3	11823	0	0	12578.6	-0.970942	-0.075205	0.863095	20.8964
146	12556.4	25966.2	16360.2	0	0	12360.6	0	18275.4	25959.6	0	23239.3	20395.9	0	0	17718	0	26716.8	13975	26976	0	0	0	0	13168.9	0	24940.4	0	0	21608	0	0	13321.9	0	25204.2	0	24279.5	22671.6	0	18524.6	20075	13520.1	20988.7	0	0	15996.5	11595.7	0	15415.8	0	15033.8	-0.935016	-0.111161	0.869048	19.8535
147	19284.1	11540.1	16495	0	13408.6	0	16752.8	12783.3	17429.6	0	0	10080.7	0	0	15513.3	0	19399.3	13173.2	22575.7	13155.2	0	0	0	26515.5	0	16570	0	0	19052.6	0	25185.2	10781.2	0	29547.5	0	12226.1	25781	0	21296.2	24390.7	25229.4	29024.9	0	0	16533.2	29334.9	0	15529.5	0	18054.3	-0.885456	-0.143492	0.875	19.9929
148	15484.4	18233.5	28379.9	0	28736.9	0	0	18595.8	0	0	11583.1	14901.1	0	0	0	0	16525.2	0	21463.1	20415.4	0	0	0	11870.4	0	27469.7	16242.8	0	11674.5	0	0	0	0	27308.2	0	25986.5	20665.4	0	17135.6	0	19689.4	14280	0	0	18939.7	13925.7	0	13324.5	0	22819.5	-0.822984	-0.104814	0.880952	18.4196
149	15172.5	0	0	0	13102.3	0	10770.1	21126.3	0	12622.6	23490.8	29885.2	0	0	0	0	21069.8	0	0	15756.6	0	0	0	17454.6	0	26768.6	11498.2	0	27900.1	0	24013.9	0	22315.3	0	0	16820.2	24625.6	0	0	0	15047.8	19125.8	0	23223.6	23753.8	24490.4	0	0	0	14223.3	-0.748511	-0.0416568	0.886905	17.4528
150	0	0	17547.3	0	14039.8	25437.8	23485.2	0	0	25019.1	28082.4	13712.1	28954.3	0	0	15327.7	0	0	0	25755	16195.6	22694.7	0	16748.1	0	17211	18796	22311.1	12536.5	0	11525.5	0	17912.3	0	0	0	0	0	20208.5	0	26072.2	20145.1	0	14589.2	0	16331.8	0	0	0	27183.2	-0.663123	-0.0810289	0.892857	18.5002
151	0	0	27002.7	0	10370.7	24027.5	22580.6	12922.5	20535.1	16050.9	18450.5	15029.7	0	0	0	0	15339.6	0	0	13386.6	0	12805.7	0	0	0	17368.6	24115.1	20660	11982.6	0	11558	0	25394.2	20657	0	0	0	0	15967.8	0	15126.4	22894.1	0	0	11398.7	27693.4	0	0	0	19333.6	-0.568065	-0.12007	0.89881	18.8207
152	15326.3	0	0	0	14408.1	10170.9	15944.9	10520.7	16618.3	0	0	0	0	0	0	0	0	0	0	18961.2	24403.8	0	0	0	0	13088.8	25554.2	0	29454.9	0	15534.3	0	15817.2	23992.3	0	0	0	0	16748.2	26036.9	14172.1	15459.9	0	0	26725.9	11899.6	0	0	0	10099.5	-0.464723	-0.0421655	0.904762	16.919
153	10994.1	0	0	0	23974.2	27270.1	24374.1	10779.5	25567.1	0	0	11019.2	0	16438.7	0	0	0	0	0	14562.9	16658.4	0	0	0	0	23126	11471.9	0	17506.4	11435.5	21633.8	0	10446.6	26887	0	0	15573.7	0	14682.6	0	0	14951.1	0	0	22143.2	13195.6	0	0	0	17025.7	-0.354605	-0.0319846	0.910714	17.1352
154	21808.7	0	0	15262.7	22292.4	28490.3	28106.5	28522.2	15368.6	0	0	27201.9	0	14197.6	0	0	0	0	22539.8	0	19301.5	0	0	0	0	0	22598.8	0	12682.7	25489.4	22346.7	25055.4	23403.9	10429.5	15633.5	0	11357.2	0	20881.1	0	0	25647.5	0	0	0	0	0	0	16143.2	0	-0.239316	-0.0716227	0.916667	18.399
155	12060.1	26824.4	0	25984.2	14333.4	0	24298.5	11754.4	0	0	0	21343.5	0	13420.1	0	0	0	0	0	0	25628.1	0	18723.6	0	0	0	26043.5	0	20903.9	15704.9	29288.6	18972.4	29137.2	14513.7	21924.9	0	21941.7	15463.7	28746	28652.7	25907.2	16066.6	0	0	0	18219	0	0	0	0	-0.120537	-0.0134559	0.922619	18.0352
156	0	28755.1	0	18756.9	29934.2	0	14777.9	14789.9	27510.6	13514.7	27797.6	29124.1	0	27052	10391.4	0	0	0	0	0	13955.6	18525.5	0	0	0	0	16319.8	0	0	23947.7	23170.9	24948.9	16104.3	13493.4	0	0	27856.2	0	0	14415.5	0	27702.2	0	0	23320.1	29778.9	0	0	0	0	0	-0.0782721	0.928571	19.6391
157	0	11022.8	0	22196.7	10258.5	23784.3	19745.6	21895.9	0	10455.7	29431.9	21382.2	0	23538.2	29244.4	0	0	0	0	0	15105.6	11691	0	0	0	0	26922.7	0	0	15208	13083.5	24279.7	0	22433.8	0	26194.2	28286.1	0	0	23443.2	0	29341.5	0	0	27006.5	16852.4	15540.5	0	0	0	0.120537	-0.0290623	0.934524	19.0616
158	0	12063.8	0	29058	17828.2	0	27292.8	29433.9	0	25940.6	20626.8	28262	0	25476.5	14183	0	29503.3	0	0	0	22427.3	0	0	0	0	0	11188.9	0	0	0	21013.4	20739.8	0	0	0	27825.7	20785.4	0	0	0	0	25413	0	0	22082.2	14369	27922.4	19254.7	0	23323.2	0.239316	0.0329946	0.940476	18.5732
159	0	25246.9	0	10156.1	27019.1	0	15776.5	17255.8	0	29283	20296.8	17313.1	0	0	14562.6	0	15882.6	0	27471.6	0	0	0	14067.1	14441.8	0	0	21100.6	0	0	0	11425.5	0	0	0	0	14961.7	28238.6	0	0	0	0	27736.3	0	0	10310.1	0	18081.3	25585	0	15872.4	0.354605	-0.0534114	0.946429	18.5918
160	0	26073.1	0	18931	0	0	24342.7	23258.8	0	11053.4	20916.6	15066.4	0	15022.8	0	0	22740.8	0	0	0	21001.5	0	10947.3	10054.7	0	12818.5	16471.6	0	0	0	25282.5	0	0	0	0	14166	11209	0	23412.4	0	0	17449.2	0	28384.5	28420.6	0	22582.5	19567	0	14940.3	0.464723	-0.101096	0.952381	17.3071
161	0	0	0	0	0	0	11551.4	20231.3	0	17992	0	28395.8	0	0	0	0	12168.2	0	0	0	0	0	10924.7	0	0	19622.6	0	0	12869.3	0	0	0	0	0	0	10590.1	12781.2	0	12887.8	0	0	23018	0	15403.1	11711.5	0	21843.1	0	0	24864.8	0.568065	-0.0671739	0.958333	14.9915
162	0	0	0	0	0	0	17927.2	13415	0	10722.4	0	26235.5	0	0	0	0	19632	28485.3	11205.4	0	0	0	25207.2	0	0	26177.1	0	0	18709	0	0	21366.8	0	0	10203.3	12149	16971.6	0	24851.2	0	0	20906.2	0	10287.6	11765.4	0	17127.8	0	0	18998.2	0.663123	-0.0309842	0.964286	15.1734
163	0	0	0	0	0	0	18764.9	20269.3	0	11646.4	0	0	0	0	0	12971	27320.3	14481.3	0	0	0	0	28931	0	0	0	0	19443.9	0	0	14637.1	24852.4	0	20972.7	14139.6	19288.5	14118.2	10867.5	0	0	20599.4	15764.2	0	26342	21643.9	0	13388.5	0	0	18757.4	0.748511	-0.01623	0.970238	15.0922
164	0	0	0	0	0	0	14172.7	11956.4	0	23724.4	0	0	0	13990.4	0	13327.3	17863.6	0	0	17264.1	0	0	0	0	0	0	0	23112.7	25879.8	0	25971.7	25139.5	0	0	12375.6	15490.9	26045.1	0	0	0	13302.3	29271	0	0	17236.1	17819.3	11126.1	0	0	25425.5	0.822984	-0.0931983	0.97619	15.8185
165	0	0	0	0	0	0	29093.8	17094.8	0	27141.7	0	0	0	14168.2	0	12075	24797.3	22019	27178.1	0	0	0	0	0	0	27984.8	24122.3	12244.9	16143.3	0	0	16456.3	0	0	0	21988.3	11162.1	22644.5	0	20355.8	0	18776.7	0	0	26549.6	0	29167	0	0	22575.2	0.885456	-0.124929	0.982143	16.7029
166	29739.3	0	0	0	0	0	15570.2	0	0	12999.7	0	0	0	11955.5	15404.8	16017.7	11355.6	0	13197.4	0	0	0	0	0	0	26511.2	19608.5	17660.1	22784.3	0	17425.8	12646.1	0	0	0	24535.4	14574.5	0	0	21875.9	0	0	16146.5	0	22295.1	0	20031.4	0	0	17138.4	0.935016	-0.0611439	0.988095	16.4097
167	17849.2	0	0	15454.6	0	0	26588.9	0	0	18400.4	10438.2	0	0	0	28408.1	11406.3	16728.3	0	12438.9	26061.7	0	0	0	0	28829.6	0	24534.5	25857.5	11662.3	12873.9	22952.6	22750.1	0	0	0	27441.4	28955.2	0	22722.1	25046.6	0	0	16462.6	0	29120.8	0	10238.5	0	0	14305.3	0.970942	-0.105305	0.994048	18.8025
